version: 1
creator: callgrind-3.10.0
pid: 20359
cmd:  ./demo --timing-mode
part: 1


desc: I1 cache: 
desc: D1 cache: 
desc: LL cache: 

desc: Timerange: Basic block 0 - 3884
desc: Trigger: Program termination

positions: instr line
events: Ir
summary: 15572


ob=(1) /lib/x86_64-linux-gnu/ld-2.19.so
fl=(23) /build/buildd/glibc-2.19/io/../sysdeps/unix/syscall-template.S
fn=(104) open
0x194f0 81 22
+5 * 22
+2 * 22
+6 * 22
+2 +1 2
+1 +1 20
+7 * 20
+2 * 20
+2 * 20
+4 * 20

fn=(64) access
0x19550 81 3
+5 * 3
+2 * 3
+6 * 3
+3 +2 3
+7 * 3
+2 * 3
+2 * 3
+4 * 3

fn=(118) close
0x19600 81 2
+5 * 2
+2 * 2
+6 * 2
+2 +1 2

fn=(106) read
0x19510 81 1
+5 * 1
+2 * 1
+6 * 1
+2 +1 1

fl=(10) /build/buildd/glibc-2.19/elf/../misc/sbrk.c
fn=(20) sbrk
0x18200 34 1
+1 * 1
+3 * 1
+1 * 1
+4 +8 1
+7 * 1
+3 * 1
+2 * 1
+6 * 1
+2 * 1
+2 +4 1
+4 * 1
+22 +11 1
+4 * 1
+3 * 1
+1 * 1
+1 * 1

fl=(12) /build/buildd/glibc-2.19/string/../string/memcmp.c
fn=(26) bcmp
0x1a2c0 315 8
+2 +3 8
+3 -3 8
+2 * 8
+2 * 8
+2 * 8
+1 * 8
+1 +4 8
+3 -4 8
+7 +7 8
+4 * 8
+6 +4 2
+4 * 2
+3 * 2
+2 +2 1
+3 +1 1
+3 +1 1
+4 +1 1
+4 +2 1
+3 * 1
+13 -5 6
+4 +1 6
+4 +1 6
+4 +1 6
+4 +2 6
+3 * 6
+6 +2 7
+4 -9 7
+3 * 7
+3 * 7
+2 +16 2
+3 +1 2
+3 * 2
+4 -1 2
+3 * 2
+6 129 1
+3 * 1
+3 * 1
+4 * 1
+6 * 1
+6 * 1
+4 * 1
+94 -18 1
+4 * 1
+2 * 1
+2 346 1
+3 * 1
+2 +4 1
+3 +2 1
+3 -2 1
+4 * 1
+3 +1 1
+3 +5 1
+3 * 1
-3 * 6
+3 * 6
+2 +2 7
+4 +1 7
+3 +1 7
+4 +3 7
+3 * 7
+2 * 6
+3 * 6
+3 * 6
+8 * 44
+3 -3 44
+4 -2 44
+3 +1 44
+4 +4 44
+3 * 44
+2 -7 50
+3 * 50
+2 +12 6
+2 +1 6
+7 * 6
+1 * 6
+1 * 6
+2 * 6
+2 * 6
+2 * 6
+2 * 6
-17 * 2
+7 * 2
+1 * 2
+1 * 2
+2 * 2
+2 * 2
+2 * 2
+2 * 2
+5 228 1
+3 -7 1
+3 +1 1
+5 +4 1
+3 +2 1
+3 -6 1
+2 +4 1
+4 +2 1
+4 * 1
0x1a4bf -95 1
+3 +1 1
+3 +1 1
+4 +1 1
+4 +1 1
+4 +48 1
+3 -2 1
+4 +1 1
+4 +1 1
+6 * 1
+5 * 1
+5 * 1
+5 * 1
+5 * 1
+2 * 1
+8 -80 1
+5 +1 1
+4 * 1
+4 +4 1
+3 * 1
-16 -5 4
+5 +1 4
+4 * 4
+4 +4 4
+3 * 4
+2 * 1
0x1a5f7 261 1
+4 -6 1
+4 +1 1
+4 +1 1
+3 +4 1
0x1a717 +43 1
+2 * 1
+3 * 1
+2 * 1
+3 * 1
+3 * 1
+3 +1 1
+3 * 1

fl=(25) /build/buildd/glibc-2.19/misc/../sysdeps/unix/syscall-template.S
fn=(114) mprotect
0x19670 81 1
+5 * 1
+2 * 1
+6 * 1
+2 +1 1

fn=(68) mmap
0x19620 81 4
+3 * 4
+5 * 4
+2 * 4
+6 * 4
+2 +1 4

fl=(16) /build/buildd/glibc-2.19/string/../sysdeps/x86_64/multiarch/../memcpy.S
fn=(42) memcpy
0x1abb0 61 10
+4 +2 10
+3 +2 10
+2 +3 10
+3 +1 10
+2 +2 7
+3 +1 7
+2 +2 7
+3 +1 7
+3 +5 7
+3 +1 7
-3 -1 3
+3 +1 3
+2 +2 4
+3 +1 4
+3 +2 4
+4 +1 4
+4 * 4
+4 +5 4
+3 +1 4
-3 -1 6
+3 +1 6
+2 +2 6
+2 +1 6
+2 +2 6
+4 +1 6
+4 +5 6
+3 +1 6
-3 -1 4
+3 +1 4
+2 +2 6
+3 +1 6
+3 +2 6
+4 +1 6
+4 +5 6
+6 +1 6
-6 -1 4
+6 +1 4
+2 * 4
+4 +5 4
+3 +1 4
+4 +1 4
+3 +1 4
+4 +2 4
+3 +2 4
+4 +1 4
+4 +2 4
+2 +8 10
+5 +8 3
+5 +6 3
+2 +2 3
+3 +1 3
+2 +3 1
+5 +1 1
+3 * 1
+12 +5 1
+3 +1 1
+2 +2 1
+2 +2 1
+4 +1 1
+4 +2 1
+2 * 1
+15 +9 1
+7 +1 1
-7 -1 2
+7 +1 2
+2 +3 3
+2 +1 3
+3 +1 3
+2 +5 3
+2 +2 3
+3 +1 3
+4 +1 3
+4 +1 3
+4 +2 3
+3 +1 3
+4 +1 3
+4 +1 3
+4 +2 3
+4 +1 3
+4 +2 3
+56 +22 3
+3 +6 3
+5 +1 3

fl=(2) /build/buildd/glibc-2.19/elf/rtld.c
fn=(48) rtld_lock_default_unlock_recursive
0x1280 843 2
+4 * 2

fn=(2) _dl_start
0x4a30 361 1
+1 * 1
+3 * 1
+2 * 1
+2 * 1
+2 * 1
+2 * 1
+1 * 1
+3 * 1
+4 +18 1
+2 * 1
+4 * 1
+2 * 1
fi=(3) /build/buildd/glibc-2.19/elf/get-dynamic-info.h
+3 44 1
fe=(2)
+7 379 1
fi=(5) /build/buildd/glibc-2.19/elf/../sysdeps/x86_64/dl-machine.h
+7 58 1
+7 * 1
+3 * 1
fi=(3)
+7 -14 1
fe=(2)
+3 408 1
+7 -3 1
fi=(3)
+7 44 1
+6 +17 1
+7 * 1
+10 -3 1
+10 -7 1
+5 +5 1
+6 +3 1
+6 +2 1
+3 -3 1
+3 -3 1
+6 -3 1
+5 * 1
+6 -5 13
+7 * 13
+4 +15 13
+4 -18 13
+3 * 13
+3 * 13
-10 +18 1
+4 -18 1
+3 * 1
+3 * 1
+2 +2 18
+4 * 18
+2 +5 5
+3 * 5
+3 * 5
+4 * 5
+6 +1 4
+3 * 4
+3 * 4
+7 * 4
+4 +10 4
+4 -18 4
+3 * 4
+3 * 4
+2 +25 1
+3 * 1
+6 +20 1
+7 * 1
+3 * 1
+2 * 1
+4 +1 1
+7 * 1
+3 * 1
+2 * 1
+4 +1 1
+7 * 1
+3 * 1
+2 * 1
+4 +1 1
+7 * 1
+3 * 1
+2 * 1
+4 +2 1
+7 * 1
+3 * 1
+2 * 1
+4 +5 1
+7 * 1
+3 * 1
+2 * 1
+4 +1 1
+7 * 1
+3 * 1
+2 * 1
+4 +1 1
+7 * 1
+3 * 1
+2 * 1
+4 +6 1
+7 * 1
+3 * 1
+2 +5 1
+5 * 1
+6 +7 1
+7 * 1
+3 * 1
+2 +1 1
+7 * 1
+5 * 1
+6 +8 1
+7 * 1
+3 * 1
+16 +2 1
+7 * 1
+3 * 1
+16 +3 1
+8 * 1
+6 +1 1
+8 * 1
fe=(2)
+6 536 1
+3 * 1
+20 +7 1
+7 284 1
+8 * 1
+6 +12 1
+7 * 1
cfi=(6) /build/buildd/glibc-2.19/elf/dl-lookup.c
cfn=(10) _dl_setup_hash
calls=1 0xb960 859 
* * 25
+5 +1 1
+7 * 1
+7 +1 1
+7 * 1
+7 +1 1
+7 * 1
+7 +1 1
+7 * 1
+7 +21 1
+2 +10 1
+7 -10 1
+4 * 1
+2 * 1
+3 +10 1
+3 -6 1
+7 -4 1
+7 +10 1
cfi=(7) /build/buildd/glibc-2.19/elf/../elf/dl-sysdep.c
cfn=(12) _dl_sysdep_start
calls=1 0x173e0 86 
* * 14768
fi=(3)
+61 53 1
+3 * 1
+2 * 1
+3 * 1
+32 +3 1
+3 * 1
+3 * 1
+4 * 1
fe=(2)
+22 541 1
+3 * 1
+6 * 1
+4 * 1
+7 * 1
+7 * 1
+4 * 1
+3 * 1
+3 * 1
+3 * 1
+4 * 1
+2 * 1
+3 * 1
+10 * 1
+3 * 1
+4 * 1
+4 * 1
+3 * 1
+4 * 1
+4 * 1
+3 * 1
+4 * 1
+3 * 1
+2 * 1
+7 * 1
+7 * 1
+4 * 1
+3 * 1
+4 * 1
+3 * 1
+3 * 1
+3 * 1
+4 * 1
+3 * 1
fi=(4) /build/buildd/glibc-2.19/elf/do-rel.h
+4 84 1
+7 +27 1
+3 -28 1
+4 +28 1
+2 * 1
+6 +1 1
+3 * 1
fi=(5)
+3 492 1
+4 * 1
fi=(4)
-10 112 9
+3 * 9
fi=(5)
+3 492 9
+4 * 9
+6 +1 10
+3 * 10
fi=(4)
+4 111 10
+4 * 10
fi=(5)
+3 493 10
fi=(4)
+3 111 10
+2 +5 1
+8 * 1
+6 +8 1
fi=(5)
+3 287 1
fi=(4)
+7 124 1
+6 * 1
+7 +13 1
+5 +2 1
+3 * 1
+4 -2 1
fi=(5)
+3 241 1
fi=(4)
+3 137 1
fi=(5)
+4 269 1
fi=(4)
+3 137 1
+4 * 1
fi=(5)
+4 269 1
fi=(4)
-33 137 8
+5 +2 8
+3 * 8
+4 -2 8
fi=(5)
+3 241 8
fi=(4)
+3 137 8
fi=(5)
+4 269 8
fi=(4)
+3 137 8
+4 * 8
fi=(5)
+4 269 8
+6 +9 9
+3 * 9
+6 +3 9
+5 -3 9
+4 * 9
+7 +3 9
+3 * 9
+3 * 9
+6 +6 9
+4 * 9
+4 * 9
+6 * 9
+4 * 9
+3 * 9
fi=(3)
+7 59 1
+3 * 1
+3 * 1
+4 * 1
+6 +1 1
+3 +1 1
+4 * 1
fe=(2)
+9 284 1
+2 * 1
+2 * 1
+2 * 1
+2 * 1
+3 * 1
+3 * 1
+2 * 1
+3 * 1
+3 * 1
+2 * 1
+2 * 1
+3 * 1
+2 * 1
+3 * 1
+3 * 1
+2 * 1
+6 * 1
+3 * 1
+2 * 1
+3 * 1
+3 * 1
+2 * 1
+3 * 1
+3 * 1
+2 * 1
+3 * 1
+3 * 1
+2 * 1
+4 * 1
+4 * 1
+4 * 1
+3 * 1
+2 * 1
+3 * 1
+3 * 1
+3 * 1
+3 * 1
+4 * 1
+3 * 1
+4 * 1
+4 * 1
+4 * 1
+4 * 1
+3 * 1
+3 * 1
+3 * 1
+4 * 1
+3 * 1
+3 * 1
+3 * 1
+3 * 1
+3 * 1
+3 * 1
+7 * 1
+3 * 1
+3 * 1
+4 * 1
+4 * 1
+3 * 1
+3 * 1
+3 * 1
+4 * 1
+4 * 1
+3 * 1
+3 * 1
+3 * 1
+4 * 1
+3 * 1
+4 * 1
+3 * 1
+4 * 1
+7 * 1
fi=(5)
+22 391 9
+5 +9 9
fi=(4)
+3 124 9
+4 * 9
+3 * 9
+6 * 1
fe=(2)

fn=(92) _dl_initial_error_catch_tsd
0x1260 797 4
+7 * 4

fn=(96) map_doit
0x13e0 624 1
+1 * 1
+3 +2 1
+4 * 1
+4 * 1
+3 * 1
+3 * 1
+2 * 1
+5 * 1
cfi=(21) /build/buildd/glibc-2.19/elf/dl-load.c
cfn=(98) _dl_map_object
calls=1 0x8c70 2317 
* * 2444
+5 * 1
+4 +2 1
+1 * 1

fn=(22) dl_main
0x1850 890 1
+1 +19 1
+7 -19 1
+3 * 1
+2 * 1
+2 * 1
+2 * 1
+3 * 1
+2 * 1
+3 * 1
+1 * 1
+7 +19 1
+7 +3 1
+7 2491 1
+7 890 1
+7 2491 1
+7 912 1
+7 +4 1
+7 -26 1
+6 +26 1
+7 +1 1
+7 * 1
+7 +5 1
+7 * 1
+7 2484 1
+7 * 1
+4 +7 1
+2 -4 1
+3 +4 1
+2 -5 1
+2 +5 1
+3 * 1
+3 * 1
+7 * 1
+4 * 1
+7 * 1
+4 * 1
+7 * 1
+4 * 1
+7 +2 1
+7 * 1
cfi=(11) /build/buildd/glibc-2.19/elf/dl-environ.c
cfn=(24) _dl_next_ld_env_entry
calls=1 0x17a40 30 
* * 62
-7 * 2
+7 * 2
cfi=(11)
cfn=(24)
calls=2 0x17a40 30 
* * 182
+5 * 3
+3 * 3
+3 * 3
+6 +4 2
+3 * 2
+2 * 2
+2 * 2
+2 * 2
+2 * 2
+2 * 2
+6 * 17
+2 * 17
+2 +1 19
+4 -1 19
+5 * 19
+3 * 19
+2 +3 2
+3 * 2
+2 +6 2
+4 * 2
+4 * 2
+2 * 2
+7 * 2
+7 * 2
+4 * 2
+3 * 2
0x1ad8 +74 1
+7 * 1
+5 * 1
+3 * 1
cfi=(12)
cfn=(26)
calls=1 0x1a2c0 315 
* * 120
+5 * 1
+2 * 1
+6 +2 1
+4 * 1
+7 * 1
+73 -55 1
+7 * 1
+5 * 1
+3 * 1
cfi=(12)
cfn=(26)
calls=1 0x1a2c0 315 
* * 26
+5 * 1
+2 * 1
0x1d10 2655 1
+6 * 1
+2 * 1
+6 +30 1
+6 * 1
+2 * 1
0x1ded 932 1
+7 * 1
+7 * 1
+3 * 1
0x208b 1133 1
+7 * 1
+3 * 1
+2 * 1
+2 * 1
+6 * 1
+3 * 1
cfi=(13) /build/buildd/glibc-2.19/elf/dl-object.c
cfn=(28) _dl_new_object
calls=1 0xbaa0 61 
* * 248
+5 +2 1
+3 -2 1
+3 +2 1
+6 +1 1
+7 +1 1
+7 +5 1
+2 * 1
+3 -5 1
+8 +1 1
+7 * 1
+3 * 1
+7 +4 1
cfi=(13)
cfn=(44) _dl_add_to_namespace_list
calls=1 0xba10 32 
* * 34
+5 +1 1
+7 * 1
+6 899 1
+3 1172 1
+6 -3 1
+8 -5 1
+11 +1 1
+11 +2 1
+11 +5 1
+8 * 1
+4 * 1
+3 * 1
+4 * 1
+3 * 1
+6 +56 1
+7 * 1
+3 896 1
+3 1228 1
+3 * 1
+2 -55 5
+3 * 5
+6 * 4
+3 * 4
+6 * 3
+3 * 3
+6 -1 9
+4 * 9
+3 * 9
+6 +1 9
+2 * 9
+3 * 9
+6 * 8
+2 * 3
+6 * 3
+6 * 2
+6 * 2
+6 * 1
+3 * 1
0x2207 -1 1
+7 * 1
+7 1275 1
+7 * 1
+3 * 1
+12 +3 1
+3 * 1
+13 +2 1
+3 * 1
+13 +2 1
+8 * 1
+6 +13 1
+7 * 1
+3 * 1
+2 +1 1
+7 * 1
+4 * 1
+7 * 1
+4 * 1
+3 * 1
+7 * 1
+3 * 1
cfi=(17) /build/buildd/glibc-2.19/string/../sysdeps/x86_64/multiarch/../strcmp.S
cfn=(50) strcmp
calls=1 0x19c30 131 
* * 7
+5 * 1
+2 * 1
+7 * 1
+2 +7 1
+11 +3 1
+5 -5 1
+7 +3 1
+10 +2 1
+6 +1 1
+7 * 1
+4 +4 1
+7 * 1
+6 +2 1
+3 * 1
fi=(3)
+6 29 1
+4 +9 1
+3 * 1
+6 +6 1
+3 -2 1
+4 +2 1
+3 * 1
+6 +7 1
+6 +5 1
+6 +3 1
+6 +2 1
+10 -3 1
+10 -3 1
+6 -3 1
+5 * 1
+2 * 3
+3 * 3
+3 * 3
+3 * 3
+4 +10 3
+4 -18 3
+3 * 3
+3 * 3
-14 +8 25
+4 +10 25
+4 -18 25
+3 * 25
+3 * 25
-10 +18 1
+4 -18 1
+3 * 1
+3 * 1
+2 +2 29
+4 * 29
+2 +5 4
+3 * 4
+3 * 4
+4 * 4
+2 +2 1
+3 * 1
+2 * 1
+3 * 1
+27 +16 1
+3 * 1
+3 * 1
0x23f7 +38 1
+7 * 1
+3 * 1
+2 +5 1
+5 * 1
+6 +7 1
+5 * 1
+2 +1 1
+7 * 1
+5 * 1
+6 +16 1
+7 * 1
+3 * 1
+49 +14 1
+7 * 1
+3 * 1
+47 +18 1
+8 * 1
fe=(2)
+13 1318 1
+3 * 1
cfi=(6)
cfn=(10)
calls=1 0xb960 859 
* * 25
+5 +3 1
+2 * 1
+4 * 1
+7 * 1
fi=(18) /build/buildd/glibc-2.19/elf/setup-vdso.h
+6 24 1
+8 * 1
fe=(2)
0x29c6 1343 1
cfi=(19) /build/buildd/glibc-2.19/elf/../sysdeps/unix/sysv/linux/dl-sysdep.c
cfn=(56) _dl_discover_osversion
calls=1 0x17860 45 
* * 93
+5 * 1
+2 * 1
+6 * 1
+6 * 1
+2 * 1
+6 * 1
+6 * 1
+5 * 1
+43 1177 1
+3 * 1
+4 * 1
+3 +1 1
+5 +90 1
+4 * 1
+7 +1 1
+4 * 1
+7 +1 1
+5 -6 1
+3 * 1
+6 +1 1
+79 -37 2
+4 -1 2
+3 +1 2
+3 * 2
+3 -1 2
+3 +2 2
+7 * 2
+2 +1 1
+7 +3 1
+4 * 1
+3 +1 1
+7 * 1
-14 -1 1
+4 * 1
+3 +1 1
+7 * 1
+2 +1 2
+7 +1 2
+4 * 2
+6 * 1
+7 * 1
+6 +1 1
+7 * 1
+5 -43 1
+7 -2 1
+4 * 1
+3 +27 1
+6 -25 1
+7 +7 1
+2 * 1
+8 -10 1
+7 +10 1
+81 -19 1
+4 * 1
+3 * 1
+4 +1 1
fi=(3)
0x2c10 56 1
+3 * 1
+3 * 1
+4 * 1
+18 +3 1
+3 * 1
+3 * 1
+4 * 1
+6 +1 1
+3 +1 1
+4 * 1
+4 * 1
fe=(2)
0x2cdd 2534 1
+7 * 1
+5 * 1
+3 * 1
cfi=(12)
cfn=(26)
calls=1 0x1a2c0 315 
* * 80
+5 * 1
+2 * 1
+2 +2 1
+4 * 1
+7 * 1
0x2ea7 1348 1
+7 * 1
cfi=(21)
cfn=(60) _dl_init_paths
calls=1 0x8700 714 
* * 1693
+5 +3 1
+7 * 1
+2 * 1
cfi=(28) /build/buildd/glibc-2.19/elf/dl-debug.c
cfn=(84) _dl_debug_initialize
calls=1 0x10980 50 
* * 17
+5 +7 1
+8 -7 1
+3 +2 1
+7 +5 1
+2 +3 1
+7 * 1
+3 * 1
+7 +1 1
+7 +3 1
+7 -3 1
+3 * 1
+3 * 1
+6 +1 1
+7 * 1
+4 +3 1
+8 +5 1
+8 -7 1
+7 +7 1
+2 +1 1
+2 * 1
+4 * 1
+3 * 1
+3 * 1
+7 +4 1
+7 +4 1
+4 -2 1
+3 * 1
+4 * 1
+8 * 1
+3 +1 1
+7 * 1
+4 +1 1
+7 * 1
+3 * 1
+5 +5 1
+3 * 1
+2 +1 1
+2 * 1
+3 * 1
+4 * 1
+4 * 1
+6 * 1
+2 +2 1
+4 * 1
+7 +1 1
+4 * 1
+7 +5 1
+8 * 1
+14 +5 1
+7 * 1
+3 * 1
+6 905 1
+11 1580 1
+7 * 1
+3 * 1
+2 +3 1
+4 +4 1
+7 * 1
+3 * 1
+6 +5 1
+8 +1 1
cfi=(28)
cfn=(86) _dl_debug_state
calls=1 0x10970 74 
* * 1
+5 +1 1
+1 +4 1
+6 * 1
+2 * 1
+6 +15 1
+7 * 1
+4 * 1
+6 +4 1
+7 * 1
+3 * 1
+9 +31 1
+7 * 1
+5 * 1
cfi=(23)
cfn=(64)
calls=1 0x19550 81 
* * 9
+5 * 1
+2 * 1
+6 +77 1
+7 * 1
+3 * 1
+3 * 1
+8 +17 1
+2 * 1
+3 * 1
+2 +1 1
+3 -1 1
+4 +1 1
+3 * 1
+3 -1 1
+3 +1 1
+3 * 1
+4 * 1
+3 * 1
+3 * 1
cfi=(33) /build/buildd/glibc-2.19/elf/dl-deps.c
cfn=(120) _dl_map_object_deps
calls=1 0xdac0 147 
* * 7331
0x3434 -14 1
+3 +1 1
+2 -1 1
+8 * 1
+4 * 1
+4 * 1
+3 * 1
+5 * 1
+4 * 1
+3 +4 1
+4 +1 1
+4 -1 1
+3 +2 1
+3 * 1
+6 +1 1
+3 * 1
0x43ae 1624 1
+3 * 1
cfi=(9) /build/buildd/glibc-2.19/string/../sysdeps/x86_64/multiarch/../rtld-strlen.S
cfn=(18) strlen
calls=1 0x19c60 26 
* * 91
+5 * 1
+4 * 1
+4 * 1
+3 * 1
+4 * 1
+3 * 1
+5 * 1
+4 * 1
cfi=(16)
cfn=(42)
calls=1 0x1abb0 61 
* * 65
+5 * 1
+4 +3 1
+2 * 1
+3 * 1
+2 * 1
+4 * 1
+4 -12 1
+3 +12 1
+3 +3 1
+7 * 1
+3 * 1
cfi=(15) /build/buildd/glibc-2.19/elf/dl-minimal.c
cfn=(76) strsep
calls=1 0x18110 338 
* * 765
-10 * 1
+7 * 1
+3 * 1
cfi=(15)
cfn=(76)
calls=1 0x18110 338 
* * 6
+5 * 2
+3 * 2
+3 * 2
+6 +1 1
+3 * 1
+2 +1 1
+7 * 1
+3 * 1
+2 +2 1
+7 * 1
+3 * 1
+3 * 1
cfn=(88) do_preload
calls=1 0xae0 803 
* * 2546
+5 * 1
+3 * 1
0x44f2 1337 1
+7 * 1
+7 * 1
+16 1636 1
+2 +1 1
+7 -1 1
+4 * 1
+2 * 1
+3 +1 1
+3 +1 1
+3 * 1
+7 * 1

fn=(46) rtld_lock_default_lock_recursive
0x1270 837 2
+4 * 2

fn=(88)
0xae0 803 1
+2 +12 1
+7 -12 1
+3 * 1
+1 * 1
+1 * 1
+3 * 1
+4 +10 1
+6 -4 1
+5 +1 1
+5 +5 1
+5 * 1
+5 * 1
+5 * 1
+5 -10 1
+9 +6 1
+8 +4 1
cfi=(29) /build/buildd/glibc-2.19/elf/dl-error.c
cfn=(90) _dl_catch_error
calls=1 0xff80 163 
* * 2518
+5 +1 1
+5 * 1
+3 * 1
+31 +8 1
+2 * 1
+6 * 1
+3 +6 1
+4 * 1
+1 * 1
+1 * 1
+2 * 1

fl=(27) /build/buildd/glibc-2.19/string/../sysdeps/x86_64/multiarch/../strchr.S
fn=(72) index
0x19a10 24 6
+4 +1 6
+2 +1 6
+5 +1 6
+4 +1 6
+5 +1 6
+4 +1 6
+5 +1 6
+6 +1 6
+4 +1 6
+4 +1 6
+4 +1 6
+4 +1 6
+4 +1 6
+4 +1 6
+4 +1 6
+2 +1 6
+2 +1 5
+3 +4 5
+5 +1 5
+4 +1 5
+3 +1 5
+4 +2 5
+2 +4 1
+5 +1 1
+4 +1 1
+4 +1 1
+4 +1 1
+4 +1 1
+4 +1 1
+5 +1 1
+4 +1 1
+4 +1 1
+4 +1 1
+4 +1 1
+4 +1 1
+4 +1 1
+5 +1 1
+4 +1 1
+4 +1 1
+4 +1 1
+3 +1 1
+4 +1 1
+4 +1 1
+4 +1 1
+3 +1 1
+3 +1 1
0x19b70 +52 1
+4 +4 1
+5 +1 1
+4 +1 1
+3 +1 1
+4 +2 1

fl=(28)
fn=(86)
0x10970 74 1

fn=(84)
0x10980 50 2
+3 * 2
+29 +5 1
+3 * 1
+8 +5 1
+4 * 1
+7 -1 1
+4 +1 1
+4 * 1
+4 +1 1
+7 * 1
+4 -1 1
+4 * 1
+7 -9 2
+7 +4 2
+5 * 2
+2 +4 1
+3 -1 1
+6 -58 1
+17 0 1

fl=(8) /build/buildd/glibc-2.19/elf/../sysdeps/unix/sysv/linux/x86_64/brk.c
fn=(14) brk
0x181a0 31 1
+5 -3 1
+3 +3 1
+2 * 1
+2 * 1
+6 * 1
+3 * 1
+2 * 1
+7 +8 1
+2 -6 1
+3 * 1
+2 +7 1

fl=(11)
fn=(24)
0x17a40 30 3
+3 +3 3
+3 * 3
+3 * 3
+2 * 2
+5 +2 2
+3 * 2
-3 * 32
+3 * 32
+2 +11 32
+4 -13 32
+3 * 32
+3 * 32
+2 -2 1
+2 +19 1
+1 -14 9
+4 * 9
+2 * 2
+4 * 2
+2 * 2
+2 +5 2
+4 -3 2
+4 +3 2
+3 +2 2

fl=(32) /build/buildd/glibc-2.19/io/../sysdeps/unix/sysv/linux/wordsize-64/fxstat.c
fn=(112) _fxstat
0x19470 34 2
+3 -1 2
+2 +1 2
+2 +1 2
+3 * 2
+3 * 2
+5 * 2
+2 * 2
+6 * 2
+2 +4 2

fl=(20) /build/buildd/glibc-2.19/posix/../sysdeps/unix/syscall-template.S
fn=(58) uname
0x196b0 81 1
+5 * 1
+2 * 1
+6 * 1
+2 +1 1

fl=(31) /build/buildd/glibc-2.19/elf/dl-misc.c
fn=(132) _dl_sysdep_read_whole_file
0x11020 45 1
+2 +7 1
+2 -7 1
+3 * 1
+2 * 1
+3 +7 1
+5 -7 1
+1 +1 1
+7 -1 1
+1 * 1
+7 +7 1
cfi=(23)
cfn=(104)
calls=1 0x194f0 +29 
* * 5
+5 +1 1
+2 -1 1
+2 +1 1
+2 +2 1
+3 * 1
+2 * 1
+5 * 1
cfi=(32)
cfn=(112)
calls=1 0x19470 -21 
* * 10
+5 * 1
+2 * 1
+2 +2 1
+5 +3 1
+3 -3 1
+4 +3 1
+9 +13 1
+2 * 1
cfi=(23)
cfn=(118)
calls=1 0x19600 +8 
* * 5
+5 +3 1
+7 * 1
+3 * 1
+1 * 1
+1 * 1
+2 * 1
+2 * 1
+5 -14 1
+3 * 1
+3 * 1
+5 * 1
+3 * 1
+2 * 1
cfi=(25)
cfn=(68)
calls=1 0x19620 +19 
* * 6
+5 * 1
+3 * 1

fn=(144) _dl_debug_vdprintf
0x10a10 84 1
+1 * 1
+3 * 1
+2 * 1
+3 +30 1
+7 -30 1
+2 +4 1
+3 -4 1
fi=(39) /build/buildd/glibc-2.19/elf/../sysdeps/generic/_itoa.h
+2 -9 1
fe=(31)
+10 +9 1
+2 * 1
+3 * 1
+1 +3 1
+2 -3 1
+7 +7 1
+4 +15 1
+11 * 1
+7 -22 1
+6 * 1
+7 +7 1
+2 * 1
+6 * 1
+5 +4 1
+3 * 1
-3 * 7
+3 * 7
0x10ae8 +30 8
+3 * 8
+6 +1 8
+3 * 8
+3 * 8
+3 * 8
+4 * 8
+3 * 8
+8 * 8
+2 +1 3
+8 * 3
+3 +2 3
+2 * 3
-2 * 5
+2 * 5
+2 +96 1
+2 * 1
+6 +13 8
+3 91 8
+4 * 8
+2 * 8
fi=(37) /build/buildd/glibc-2.19/elf/../sysdeps/unix/sysv/linux/dl-writev.h
+6 -54 1
+3 * 1
+7 * 1
+7 * 1
+5 * 1
fe=(31)
+2 245 1
+4 * 1
+1 * 1
+2 * 1
+2 * 1
+2 * 1
+2 * 1
+1 * 1
+9 121 8
+2 * 8
+6 * 3
+3 * 3
+3 * 3
+10 * 3
+2 * 3
+6 +1 5
+4 -1 5
+3 * 5
+2 * 5
+2 * 2
+5 +19 7
+4 * 7
+2 * 7
+6 * 7
+4 -8 7
+6 +16 7
+2 -15 7
+7 +15 7
+6 +7 7
+2 -21 7
+5 +21 7
+6 +9 7
+2 * 7
+69 +53 7
+3 +6 7
+4 * 7
0x10ce0 -87 7
+2 +28 7
+2 * 7
+6 +8 7
+2 * 7
+6 +35 7
+7 * 7
+2 * 7
+3 * 7
+3 * 7
+6 * 4
+2 * 4
+4 * 4
+3 * 4
+2 * 4
+3 * 4
+3 * 4
+7 * 4
+4 * 4
+6 * 4
+7 * 4
+8 +1 4
cfi=(9)
cfn=(18)
calls=4 0x19c60 26 
* * 185
-38 -1 3
+3 * 3
+3 * 3
+7 * 3
+4 * 3
+6 * 3
+7 * 3
+8 +1 3
cfi=(9)
cfn=(18)
calls=3 0x19c60 26 
* * 149
+5 +1 7
+7 * 7
+7 * 7
+7 * 7
+3 * 7
+9 +1 7
+8 * 7
0x10eb1 -89 5
+3 * 5
+29 +86 3
+4 * 3
+4 * 3
+4 * 3

fn=(142) _dl_dprintf
0x11170 275 1
+4 +3 1
+5 -3 1
+5 +4 1
+5 -4 1
+5 * 1
+3 +4 1
+2 -1 1
+5 * 1
+5 -3 1
+5 * 1
+5 +3 1
+8 * 1
+5 +1 1
cfn=(144)
calls=1 0x10a10 84 
* * 891
+5 +2 1
+4 * 1

fn=(100) _dl_name_match_p
0x111c0 288 5
+1 * 5
+3 * 5
+1 * 5
+3 * 5
+4 +1 5
+4 * 5
cfi=(17)
cfn=(50)
calls=5 0x19c30 131 
* * 42
+5 * 5
+2 +1 5
+5 -1 5
+2 +3 5
+4 +2 5
+3 * 5
+11 +4 7
+4 -4 7
+3 * 7
+2 +1 7
+3 * 7
+3 * 7
cfi=(17)
cfn=(50)
calls=7 0x19c30 131 
* * 63
+5 * 7
+2 * 7
+26 +6 5
+4 -1 5
+2 +1 5
+1 * 5
+2 * 5
+1 * 5

fl=(19)
fn=(56)
0x17860 45 1
+2 * 1
+2 * 1
+2 * 1
+2 * 1
+1 * 1
+1 * 1
+7 +2 1
+7 * 1
+3 * 1
0x17927 +85 1
+7 * 1
+1 * 1
+1 * 1
+2 * 1
+2 * 1
+2 * 1
+2 * 1
+8 -45 1
+5 * 1
+3 * 1
cfi=(20)
cfn=(58)
calls=1 0x196b0 -6 
* * 5
+5 * 1
+2 +15 1
+7 -15 1
+2 +20 1
+3 -1 1
+2 +3 1
+3 * 1
+3 * 1
+3 * 1
-9 * 2
+3 * 2
+3 * 2
+3 * 2
+2 +4 3
+4 -2 3
+4 * 3
+3 +2 3
+3 * 3
+4 * 3
+2 * 1
+4 +2 1
+3 +1 1
+4 * 1
+4 -3 1
+3 * 1
+3 * 1
+4 * 1
+2 +7 3
+3 -1 3
+4 +4 3
+4 -2 3
+2 +2 3
+3 * 3
+2 * 2
+4 * 2
+7 +5 1
+4 * 1

fl=(7)
fn=(12)
0x173e0 86 1
+2 * 1
+2 * 1
+2 * 1
+2 * 1
+1 * 1
+1 * 1
+4 +25 1
+3 -1 1
+7 +1 1
+4 -25 1
+5 +25 1
+7 * 1
+6 * 1
+2 * 1
+5 * 1
+7 * 1
+4 * 1
+2 * 1
+6 * 1
+4 * 1
+4 * 1
-8 * 33
+4 * 33
+4 * 33
+2 * 1
+4 +6 1
+4 -3 1
+7 +1 1
+11 -4 1
+7 +3 1
+5 +3 1
+3 * 1
+6 * 1
+8 * 1
+7 +1 1
+7 * 1
+7 * 1
+7 * 1
+3 * 1
+7 * 1
+7 -1 1
+3 * 1
+7 * 1
+7 -29 1
+2 -1 1
+2 * 1
+5 +31 1
+4 * 1
+4 * 1
-8 * 17
+4 * 17
+4 * 17
+2 * 17
+4 * 17
+3 * 17
+15 -1 18
+4 * 18
+3 * 18
+3 * 18
+2 * 1
+7 * 1
+5 * 1
+7 * 1
+7 * 1
+7 * 1
+7 * 1
+7 * 1
+8 * 1
+7 * 1
fi=(19)
+7 -82 1
+2 * 1
cfi=(8)
cfn=(14)
calls=1 0x181a0 -4 
* * 12
fi=(5)
+5 200 1
+7 * 1
+3 * 1
+2 * 1
+3 * 1
fe=(7)
+17 +34 1
+2 * 1
cfi=(10)
cfn=(20)
calls=1 0x18200 34 
* * 17
+5 * 1
+7 * 1
+3 * 1
+6 +12 1
+6 * 1
+2 * 1
+6 +3 1
+5 * 1
+5 * 1
+2 * 1
+3 * 1
+7 * 1
cfi=(2)
cfn=(22)
calls=1 0x1850 890 
* * 14326
+45 -98 1
+4 +1 1
+28 +27 1
+4 +1 1
+12 -17 1
+4 +1 1
+12 -7 1
+4 +1 1
+12 -4 1
+4 +1 1
+12 -25 1
+4 +1 1
+12 -4 1
+4 +1 1
+12 -7 1
+4 +1 1
+12 +2 1
+3 +1 1
+13 232 1
cfi=(9)
cfn=(18)
calls=1 0x19c60 26 
* * 41
+5 * 1
+7 * 1

fl=(26) /build/buildd/glibc-2.19/string/../sysdeps/x86_64/rtld-memset.S
fn=(70) memset
0x1a970 30 6
+3 +1 6
+4 +1 6
+3 +1 6
* * 76
+2 +1 6
+3 +1 6

fl=(36) /build/buildd/glibc-2.19/setjmp/../sysdeps/x86_64/__longjmp.S
fn=(138) __longjmp
0x19790 29 1
+4 +1 1
+4 +1 1
+4 +2 1
+4 * 1
+7 +1 1
+4 * 1
+7 +1 1
+4 * 1
+7 +10 1
+1 +11 1
+3 +1 1
+4 +1 1
+4 +1 1
+4 +1 1
+4 +2 1
+2 +1 1
+3 +1 1
+3 +1 1
+1 +2 1

fl=(9)
fn=(18)
0x19c60 26 21
+3 +1 21
+3 +1 21
+3 +1 21
+2 +2 11
+2 +1 11
+3 +2 11
+3 +1 11
-3 -1 21
+3 +1 21
+6 +1 31
+3 +1 31
+2 +1 31
+2 +2 20
+10 * 20
+6 +5 20
+3 +1 20
+4 +1 20
+3 +1 20
+3 +3 20
-13 -6 5
+3 +1 5
+4 +1 5
+3 +1 5
+3 +3 5
+2 +1 23
+3 +1 23
+3 +1 23
+3 +2 23
+2 +3 18
+3 +1 18
+4 +1 18
+3 +1 18
+3 +3 18
+2 +1 11
+3 +1 11
+3 +1 11
+3 +2 11
+2 +3 9
+3 +1 9
+4 +1 9
+3 +1 9
+3 +3 9
+2 +1 9
+3 +1 9
+3 +1 9
+3 +2 9
+2 +3 9
+3 +1 9
+4 +1 9
+3 +1 9
+3 +3 9
+2 +1 7
+3 +1 7
+3 +1 7
+3 +2 7
+2 * 2
+8 +3 2
+4 +2 2
+2 +1 2
-6 -3 18
+4 +2 18
+2 +1 18
+2 +1 17
+3 +2 17
+2 +1 17
+2 +1 16
+3 +2 16
+6 +1 16
+2 +1 16
+3 +2 16
+6 +1 16
+2 +1 14
+3 +2 14
+4 +2 14
+2 +1 14
+2 +1 11
+3 +2 11
+2 +1 11
+2 +1 9
+3 +2 9
+6 +1 9
+2 +1 3
+3 +2 3
+3 +1 3
-3 -1 18
+3 +1 18

fl=(21)
fn=(74) fillin_rpath
0x7f40 486 1
+2 * 1
+2 * 1
+2 * 1
+2 * 1
+1 * 1
+3 * 1
+3 * 1
+1 +2 1
+2 -2 1
+4 * 1
+5 * 1
+5 * 1
+5 * 1
+4 * 1
+5 * 1
+3 * 1
+5 * 1
+5 +5 1
cfi=(15)
cfn=(76)
calls=1 0x18110 338 
* * 237
+5 * 1
+3 * 1
+6 * 1
+7 +4 1
+8 * 1
+5 * 1
+3 * 1
cfn=(78) expand_dynamic_string_token
calls=1 0x7dd0 -80 
* * 162
+5 +2 1
+3 -2 1
+3 +2 1
cfi=(9)
cfn=(18)
calls=1 0x19c60 26 
* * 44
+5 +4 1
+3 -4 1
+3 +4 1
+6 +7 1
+4 * 1
+2 * 1
+6 * 1
+4 * 1
+2 * 1
+82 +34 1
+6 * 1
+25 +4 1
+7 * 1
+8 * 1
+5 +1 1
+4 * 1
+5 * 1
+4 -1 1
+5 +1 1
+5 -2 1
cfi=(15)
cfn=(36) malloc
calls=1 0x17c10 93 
* * 34
* * 1
+5 +3 1
+3 -3 1
+3 +3 1
+5 * 1
+5 * 1
+6 +5 1
+4 +1 1
+3 * 1
+3 * 1
+5 -2 1
+4 +2 1
cfi=(24) /build/buildd/glibc-2.19/string/../sysdeps/x86_64/memcpy.S
cfn=(66) mempcpy
calls=1 0x1a980 61 
* * 31
+5 +3 1
+7 -3 1
+3 +3 1
+5 -2 1
+4 +2 1
+9 +6 1
+2 * 1
+5 * 1
+3 * 1
+2 +1 1
+3 * 1
+2 * 1
+3 * 1
+3 * 1
+3 * 1
+3 * 1
+6 * 1
+4 * 1
+6 * 1
+2 * 1
+3 * 1
+4 * 1
+3 * 1
+2 +1 1
+5 * 1
+4 * 1
+3 * 1
-12 * 1
+5 * 1
+4 * 1
+3 * 1
+2 * 1
+3 * 1
+35 +3 1
+6 -1 1
+5 * 1
+4 +1 1
+36 +7 1
+5 +1 1
+7 -1 1
+3 +4 1
+5 * 1
+4 * 1
+5 +2 1
+3 * 1
cfi=(15)
cfn=(82) free
calls=1 0x17c60 121 
* * 6
* * 1
+5 * 1
+5 * 1
+5 -90 1
cfi=(15)
cfn=(76)
calls=1 0x18110 338 
* * 6
+5 * 1
+3 * 1
+6 +94 1
+9 +3 1
+4 * 1
+3 * 1
+1 * 1
+1 * 1
+2 * 1
+2 * 1
+2 * 1
+2 * 1
+21 -65 1
+7 * 1
+3 * 1
+5 * 1
+6 * 1
+3 * 1
+9 * 4
+3 * 4
+3 * 4
+6 +1 4
+4 * 4
+94 -16 1
+3 * 1
+7 +5 1
+4 * 1
+6 +3 1
+4 * 1
+2 * 1
+2 * 1
+3 * 1
+5 +26 1
+9 * 1
+90 +31 1
+8 * 1

fn=(60)
0x8700 714 1
+1 +13 1
+7 * 1
+7 -13 1
+3 * 1
+2 * 1
+2 * 1
+2 * 1
+2 * 1
+3 * 1
+1 * 1
+4 +13 1
+7 * 1
+7 * 1
cfi=(22) /build/buildd/glibc-2.19/elf/dl-hwcaps.c
cfn=(62) _dl_important_hwcaps
calls=1 0xece0 39 
* * 351
+5 +5 1
+5 -5 1
+7 +5 1
cfi=(15)
cfn=(36)
calls=1 0x17c10 93 
* * 34
* * 1
+5 +1 1
+3 -1 1
+3 -1 1
+7 +2 1
+6 +8 1
+7 -1 1
+10 +1 1
+8 * 1
+4 * 1
+4 * 1
+4 -1 1
+3 * 1
+3 * 1
+3 * 1
+4 +5 1
+7 * 1
cfi=(15)
cfn=(36)
calls=1 0x17c10 93 
* * 55
* * 1
+5 +2 1
+3 -3 1
+3 +3 1
+4 * 1
+6 +29 1
+4 -12 1
+7 -10 1
+7 +11 1
+8 +3 1
+8 * 1
+3 +8 1
+8 -12 1
+4 +3 1
+7 * 1
+3 -14 1
+10 +9 1
+4 +5 1
+4 * 1
+4 * 1
+4 +9 1
+4 * 1
+7 -7 1
+7 * 1
+4 * 1
+2 * 4
+4 * 4
+4 * 4
+2 * 4
+4 * 4
+4 * 4
cfi=(26)
cfn=(70)
calls=4 0x1a970 30 
* * 88
+5 +7 4
+4 * 4
+4 * 4
+4 * 4
+6 -12 3
+7 +12 3
+3 * 3
+4 -14 3
+3 +3 3
+8 * 3
+4 -1 3
+4 +3 3
+4 -5 3
+4 +6 3
+4 * 3
+3 * 3
+4 * 3
+3 +4 3
+5 -3 3
+5 +3 3
+6 * 3
+3 -3 3
+3 -7 3
+3 * 3
+99 +25 1
+7 -11 1
+7 +6 1
+11 +1 1
+8 +5 1
+3 * 1
+2 +2 1
+7 * 1
+3 * 1
+2 * 1
+6 +2 1
+7 * 1
+3 * 1
+61 +38 1
+3 * 1
+6 * 1
+5 * 1
+6 +8 1
+5 * 1
+3 * 1
cfi=(27)
cfn=(72)
calls=1 0x19a10 24 
* * 23
+5 * 1
+3 * 1
+6 +2 1
+3 * 1
cfi=(9)
cfn=(18)
calls=1 0x19c60 26 
* * 55
+5 * 1
+4 * 1
+4 * 1
+3 * 1
+4 * 1
+3 * 1
+5 * 1
+4 * 1
cfi=(16)
cfn=(42)
calls=1 0x1abb0 61 
* * 31
+5 * 1
+3 +17 1
+5 * 1
+2 * 1
+6 -1 1
+5 * 1
+10 +3 1
+3 +1 1
+4 * 1
+3 * 1
+4 +1 1
+4 -4 1
+5 * 1
+2 * 1
-25 +2 13
+3 +1 13
+4 * 13
+3 * 13
+4 +1 13
+4 -4 13
+5 * 13
+2 * 13
+2 * 1
+8 +8 1
cfi=(15)
cfn=(36)
calls=1 0x17c10 93 
* * 34
* * 1
+5 +1 1
+3 -2 1
+7 +2 1
+6 +6 1
+6 * 1
+7 * 1
+7 * 1
+3 * 1
+3 * 1
+4 * 1
+3 * 1
cfn=(74)
calls=1 0x7f40 486 
* * 681
+5 +4 1
+7 * 1
+4 * 1
+6 +6 1
+10 +4 1
+4 * 1
+1 * 1
+2 * 1
+2 * 1
+2 * 1
+2 * 1
+1 * 1
+41 -75 1
+7 -2 1
+11 +2 1
+3 * 1
+59 +14 1
+11 * 1

fn=(102) open_verify
0x5480 1873 1
+1 * 1
+3 * 1
+2 * 1
+2 * 1
+2 * 1
+3 * 1
+2 * 1
+1 * 1
+3 * 1
+4 +36 1
+6 -36 1
+4 * 1
+4 +36 1
+2 * 1
+6 +21 1
+4 * 1
+2 * 1
+5 * 1
cfi=(23)
cfn=(104)
calls=1 0x194f0 81 
* * 5
+5 +1 1
+3 -1 1
+3 +1 1
+6 +10 1
+10 +1 1
+3 * 1
+7 +5 1
+6 * 1
+3 * 1
+3 * 1
+5 * 1
+3 * 1
cfi=(23)
cfn=(106)
calls=1 0x19510 81 
* * 5
+5 +2 1
+3 * 1
+6 +2 1
+3 +2 1
+4 -2 1
+3 * 1
+3 +2 1
+2 +6 1
+4 * 1
+6 +16 1
+4 * 1
+7 * 1
+5 * 1
+3 * 1
cfi=(12)
cfn=(26)
calls=1 0x1a2c0 315 
* * 88
+5 * 1
+2 * 1
+6 +2 1
+4 -2 1
+2 * 1
+6 +4 1
+4 * 1
+7 * 1
+5 * 1
cfi=(12)
cfn=(26)
calls=1 0x1a2c0 315 
* * 80
+5 -4 1
+2 * 1
+6 +75 1
+4 * 1
+6 +5 1
+5 * 1
+6 +3 1
+4 * 1
+3 * 1
+4 * 1
+6 +5 1
+5 * 1
+6 +7 1
+4 +1 1
+4 -1 1
+4 * 1
+8 * 1
+4 * 1
+3 +1 1
+4 * 1
+3 * 1
+6 +1 1
+5 +15 1
+3 * 1
+3 * 1
+6 * 1
+3 * 1
+2 * 7
+3 * 7
+4 * 7
+8 * 7
+4 * 7
+3 * 7
+3 * 7
+3 * 7
+6 +2 7
+4 * 7
+2 * 1
+4 * 1
+4 * 1
+2 * 1
+5 * 1
+2 +4 1
+4 * 1
+4 * 1
+3 * 1
+6 +1 1
+5 * 1
+9 +13 1
+4 +1 1
+4 +2 1
+5 -3 1
+4 +1 1
+4 -1 1
+4 +1 1
+4 -2 1
+5 +4 1
+3 * 1
+12 -7 1
+7 * 1
+5 * 1
+3 * 1
cfi=(12)
cfn=(26)
calls=1 0x1a2c0 315 
* * 80
+5 * 1
+2 * 1
0x5718 -97 1
+4 * 1
+12 * 1
+3 2154 1
+4 * 1
+1 * 1
+2 * 1
+2 * 1
+2 * 1
+2 * 1
+1 * 1

fn=(126) open_verify.constprop.5
0x5af0 1871 20
+1 * 20
+3 * 20
+2 * 20
+2 * 20
+2 * 20
+3 * 20
+2 * 20
+1 * 20
+3 * 20
+4 +38 20
+6 -38 20
+4 +38 20
+2 * 20
+6 +21 20
+4 * 20
+2 * 20
+5 * 20
cfi=(23)
cfn=(104)
calls=20 0x194f0 81 
* * 180
+5 +1 20
+3 -1 20
+3 +1 20
0x5d42 2131 20
+5 +23 20
+4 * 20
+1 * 20
+2 * 20
+2 * 20
+2 * 20
+2 * 20
+1 * 20

fn=(98)
0x8c70 2317 2
+2 * 2
+2 * 2
+2 * 2
+2 * 2
+1 * 2
+3 * 2
+1 * 2
+7 +7 2
+3 -7 2
+4 * 2
+4 +7 2
+6 +1 2
+7 * 2
+6 +3 2
+4 * 2
+7 * 2
+3 * 2
+3 * 2
+3 * 2
+4 * 2
+4 * 2
+3 * 2
+7 +12 5
+8 * 5
+6 -12 5
+4 * 5
+3 * 5
+2 +5 5
+8 * 5
+2 * 5
+2 +1 5
+2 * 5
+2 +2 5
+3 * 5
+3 * 5
cfi=(31)
cfn=(100)
calls=5 0x111c0 288 
* * 256
+5 * 5
+2 * 5
+5 2607 1
+7 * 1
+1 * 1
+1 * 1
+2 * 1
+2 * 1
+2 * 1
+2 * 1
+6 2362 2
+7 * 2
+6 +10 2
+7 * 2
+3 * 2
+6 * 2
+3 * 2
+5 * 2
+4 +26 2
+5 * 2
+3 -2 2
+5 +2 2
cfi=(27)
cfn=(72)
calls=2 0x19a10 24 
* * 46
+5 * 2
+3 * 2
+6 2538 1
+3 * 1
+6 * 1
+2 * 1
+3 * 1
+3 * 1
cfn=(78)
calls=1 0x7dd0 415 
* * 239
+5 +1 1
+3 -3 1
+5 +4 1
+6 -1 1
+2 * 1
+3 +4 1
+5 * 1
+5 * 1
+2 * 1
+6 * 1
+3 * 1
cfn=(102)
calls=1 0x5480 1873 
* * 447
+5 +3 1
+3 -3 1
+3 +3 1
+6 +12 2
+4 * 2
+5 * 2
+2 * 2
+4 +2 2
+4 * 2
+6 +44 1
+7 +1 1
+5 * 1
+5 * 1
+5 * 1
+5 * 1
+3 * 1
+4 * 1
+3 * 1
+3 -1 1
+5 +1 1
+5 * 1
+5 * 1
cfn=(108) _dl_map_object_from_fd
calls=1 0x65e0 923 
* * 1489
+5 * 1
0x8e8b 2402 1
+3 * 1
cfi=(9)
cfn=(18)
calls=1 0x19c60 26 
* * 73
+5 * 1
+4 +2 1
+7 -2 1
+5 +2 1
+6 +7 1
+3 * 1
+6 * 1
+9 * 1
+6 +35 1
+8 * 1
+6 +1 1
+3 * 1
+3 * 1
+8 * 1
+5 * 1
+5 * 1
+3 * 1
+5 * 1
+5 * 1
+6 * 1
+5 * 1
+7 * 1
+8 * 1
+4 * 1
+3 * 1
cfn=(124) open_path
calls=1 0x6000 2168 
* * 746
+5 * 1
+3 * 1
+3 * 1
+3 +6 1
+3 * 1
+3 * 1
+2 * 1
+4 * 1
+4 * 1
+2 691 1
+8 2454 1
+8 691 1
+4 * 1
+94 2530 1
+7 * 1
0x9029 -95 1
+5 * 1
+5 * 1
+5 * 1
+70 +21 1
+5 * 1
+4 +6 1
+3 * 1
+5 * 1
+4 * 1
+6 +2 1
+6 * 1
+2 * 1
+6 +4 1
+3 * 1
cfi=(35) /build/buildd/glibc-2.19/elf/dl-cache.c
cfn=(130) _dl_load_cache_lookup
calls=1 0x16d60 182 
* * 1362
+5 +2 1
+3 -2 1
+5 +2 1
0x915d +53 1
+5 * 1
+3 * 1
+6 +1 1
+7 * 1
+6 +1 1
+8 * 1
+6 * 1
+6 +1 1
+5 * 1
+5 * 1
+5 * 1
+5 * 1
+7 * 1
+8 * 1
+5 * 1
+4 * 1
+3 * 1
+4 * 1
cfn=(124)
calls=1 0x6000 2168 
* * 2827
+5 * 1
+3 * 1
+17 -90 1
+5 * 1
+3 * 1
+6 * 1
+7 * 1
+3 * 1
+2 * 1
+6 691 1
+7 2437 1
+7 691 1
+4 * 1
0x9270 2415 1
+7 +8 1
+5 * 1
+5 * 1
+5 -7 1
+5 * 1
+3 * 1
+3 -1 1
+5 +8 1
+5 * 1
+5 * 1
+5 * 1
+5 * 1
+3 * 1
+5 * 1
+3 * 1
+74 -3 1
+7 * 1
+3 * 1
+6 691 1
+7 2421 1
+7 691 1
+4 * 1
+73 2341 5
+7 * 5
+3 * 5
+6 +3 2
+4 +2 2
+3 -1 2
+4 * 2
+4 +1 2
cfi=(17)
cfn=(50)
calls=2 0x19c30 131 
* * 21
+5 * 2
+2 * 2
0x9572 2562 1
+4 * 1
+2 * 1
0x967a +32 1
+5 * 1
0x96ea +6 1
+6 * 1
+7 * 1
+2 * 1
+3 * 1
cfi=(29)
cfn=(136) _dl_signal_error
calls=1 0xfd50 73 
* * 319

fn=(108)
0x65e0 923 1
+1 * 1
+3 * 1
+2 * 1
+2 * 1
+3 * 1
+2 * 1
+2 * 1
+3 * 1
+1 * 1
+3 * 1
+7 * 1
+6 +11 1
+4 -11 1
+7 +11 1
+2 -11 1
+7 * 1
+7 +11 1
cfi=(28)
cfn=(84)
calls=1 0x10980 50 
* * 8
+5 +4 1
+7 * 1
+3 * 1
+5 -4 1
+7 +4 1
cfi=(32)
cfn=(112)
calls=1 0x19470 34 
* * 10
+5 * 1
+2 * 1
+6 +11 1
+4 * 1
+7 * 1
+4 * 1
+4 * 1
+4 * 1
+3 * 1
+6 +1 1
+7 * 1
+7 * 1
+12 -1 2
+4 * 2
+3 * 2
+2 +1 2
+8 * 2
+2 * 2
+7 * 2
0x6700 +17 1
+5 * 1
+6 +25 1
+4 * 1
+6 +10 1
+7 * 1
+6 +22 1
+7 * 1
+3 * 1
+2 * 1
+6 +32 1
+3 * 1
+6 935 1
+7 1059 1
+4 * 1
+4 * 1
+3 * 1
+7 * 1
+7 * 1
+3 * 1
cfi=(13)
cfn=(28)
calls=1 0xbaa0 61 
* * 590
+5 +1 1
+3 -1 1
+3 +1 1
+6 +11 1
+7 * 1
+4 +5 1
+4 -5 1
+8 +1 1
+4 * 1
+7 +1 1
+4 +2 1
+3 -2 1
+9 +2 1
+8 * 1
+3 * 1
+4 * 1
+3 +1 1
+4 * 1
+3 * 1
+6 +1 1
+5 +24 1
+4 * 1
+7 +8 1
+3 -8 1
+4 * 1
+4 * 1
+6 * 1
+3 * 1
+5 * 1
+7 * 1
+8 * 1
+7 * 1
+4 +8 1
+3 -8 1
+7 +8 1
+6 +89 1
+3 -95 1
+3 -1 1
+3 +96 1
+3 1092 1
+11 1198 1
+6 * 1
+6 +8 1
+3 * 1
+3 * 1
+3 * 1
+3 * 1
+12 -96 3
+6 * 3
+6 * 2
+6 * 2
+6 * 1
+3 * 1
+6 * 1
+7 -1 1
+3 * 1
+4 * 1
+8 * 1
+4 * 1
+3 * 1
+3 * 1
+3 * 1
-28 * 6
+3 * 6
+4 * 6
+8 * 6
+4 * 6
+3 * 6
+3 * 6
+3 * 6
+6 +1 7
+2 * 7
+3 * 7
+2 * 7
+2 * 4
+3 * 4
+6 * 2
+3 * 2
+1 * 2
+2 +6 1
+4 * 1
+5 +1 1
+4 * 1
+4 * 1
+9 +1 1
+92 +9 2
+7 * 2
+4 * 2
+4 * 2
+3 * 2
+6 +6 2
+4 * 2
+4 +1 2
+4 -1 2
+3 * 2
+3 * 2
+3 * 2
+6 +8 2
+4 +2 2
+3 * 2
+4 -2 2
+4 +1 2
+3 +4 2
+4 -5 2
+4 * 2
+7 +1 2
+3 * 2
+3 +1 2
+3 +1 2
+3 +3 2
+3 +4 2
+4 -9 2
+3 +2 2
+4 +1 2
+4 +1 2
+4 +1 2
+4 +4 2
+2 +1 1
+4 * 1
+5 * 1
+4 +5 1
+3 * 1
+5 -16 1
+3 +16 1
+3 * 1
+3 * 1
+2 * 1
+3 * 1
+3 +10 1
-25 -10 1
+3 * 1
+5 -16 1
+3 +16 1
+3 * 1
+3 * 1
+2 * 1
+3 * 1
+3 +10 1
0x6a50 +87 1
+4 * 1
+8 +1 1
+4 * 1
+8 * 1
+9 +1 1
+15 -6 1
+3 * 1
+7 +1 1
+6 * 1
+3 * 1
+3 * 1
+3 +8 1
+3 * 1
+3 * 1
+6 +13 1
+5 * 1
+7 * 1
+4 * 1
+7 * 1
+8 * 1
+4 * 1
+7 * 1
+7 +2 1
+8 * 1
+6 +14 1
+7 +5 1
+7 * 1
+5 * 1
+8 * 1
+7 * 1
+7 * 1
cfi=(25)
cfn=(68)
calls=1 0x19620 81 
* * 6
+5 +4 1
+4 -4 1
+8 +4 1
+6 +7 1
+7 +1 1
+7 -1 1
+4 +1 1
+8 +2 1
+3 -3 1
+8 +1 1
+4 +2 1
+6 +10 1
+9 +2 1
+7 +33 1
+3 * 1
+3 * 1
-6 * 1
+3 * 1
+3 * 1
+2 +1 1
+4 * 1
+4 * 1
+8 +2 1
+9 * 1
-9 * 1
+9 * 1
+6 +8 2
+4 * 2
+4 * 2
+3 * 2
+2 +6 1
+4 +2 1
+7 -2 1
+3 +1 1
+3 +2 1
+3 -1 1
+5 +1 1
+3 -1 1
+3 * 1
+3 * 1
+4 +8 1
+3 * 1
+2 +3 1
+3 * 1
+6 +11 1
+3 * 1
+2 * 1
+3 * 1
+3 * 1
+7 * 1
+7 * 1
cfi=(26)
cfn=(70)
calls=1 0x1a970 30 
* * 14
+5 +1 1
+3 * 1
+7 * 1
+7 * 1
+3 * 1
+6 +5 1
+3 * 1
+6 +15 2
+4 -74 2
+4 * 2
+4 * 2
+7 * 2
+3 * 2
+2 +2 1
+4 * 1
+3 * 1
+3 * 1
+6 +2 1
+3 * 1
+4 * 1
+3 * 1
+4 * 1
+7 * 1
+5 * 1
+3 * 1
cfi=(25)
cfn=(68)
calls=1 0x19620 81 
* * 6
+5 * 1
+4 * 1
+38 -30 1
+8 -1 1
+3 * 1
+4 * 1
+3 * 1
+2 * 1
cfi=(25)
cfn=(114)
calls=1 0x19670 81 
* * 5
+5 * 1
+5 1072 1
+8 1418 1
+5 * 1
+7 * 1
+3 * 1
+6 +9 1
+4 * 1
fi=(3)
+3 38 1
fe=(21)
+3 1427 1
fi=(3)
+5 38 1
+6 +6 1
+3 -2 1
+5 +2 1
+3 * 1
+6 +7 1
+6 +5 1
+6 +3 1
+6 -1 1
+10 -3 1
+6 -3 1
+6 * 1
+7 * 2
+3 * 2
+3 * 2
+3 * 2
+4 +10 2
+4 -18 2
+3 * 2
+3 * 2
-14 +8 17
+4 +10 17
+4 -18 17
+3 * 17
+3 * 17
-10 +18 1
+4 -18 1
+3 * 1
+3 * 1
+2 +2 20
+4 * 20
+2 +5 3
+3 * 3
+3 * 3
+4 * 3
+2 +2 1
+3 * 1
+2 * 1
+3 * 1
+27 +16 1
+3 * 1
+2 +20 1
+5 * 1
+3 * 1
+6 +1 1
+5 * 1
+3 * 1
+2 * 1
+4 +1 1
+5 * 1
+3 * 1
+2 * 1
+4 +1 1
+5 * 1
+3 * 1
+2 * 1
+4 +2 1
+5 * 1
+3 * 1
+2 * 1
+4 +5 1
+8 * 1
+3 * 1
+2 * 1
+4 +1 1
+8 * 1
+3 * 1
+6 +1 1
+8 * 1
+3 * 1
+2 * 1
+4 +6 1
+8 * 1
+3 * 1
+2 +5 1
+5 * 1
+6 +7 1
+6 * 1
+2 +1 1
+8 * 1
+5 * 1
+6 +16 1
+8 * 1
+3 * 1
+50 +14 1
+8 * 1
+3 * 1
+6 +10 1
+7 -8 1
+4 * 1
+8 +9 1
+2 * 1
+2 -1 1
+6 +5 1
+3 * 1
+18 +3 1
+9 * 1
fe=(21)
+14 1433 1
+3 * 1
+6 +16 1
+8 * 1
+3 * 1
+6 +19 1
+4 * 1
+8 +2 1
+6 * 1
+2 * 1
+7 * 1
+2 * 1
+6 +55 1
+8 * 1
+3 * 1
+14 +4 1
+6 * 1
cfi=(23)
cfn=(118)
calls=1 0x19600 81 
* * 5
+5 * 1
+2 * 1
+6 +8 1
+9 * 1
+2 * 1
+3 * 1
+3 * 1
+6 +3 1
+4 * 1
+3 * 1
+8 +2 1
+7 -2 1
+8 +2 1
+6 +16 1
+3 * 1
cfi=(6)
cfn=(10)
calls=1 0xb960 859 
* * 25
+5 +4 1
+4 * 1
+2 +1 1
+9 * 1
+6 +17 1
+9 * 1
+2 +1 1
+7 +3 1
+7 +5 1
+8 -5 1
+8 +1 1
+7 * 1
+8 +4 1
+6 +10 1
+4 * 1
+3 * 1
cfi=(13)
cfn=(44)
calls=1 0xba10 32 
* * 40
+5 +4 1
+6 * 1
+2 * 1
+6 * 1
+3 +20 1
+4 * 1
+1 * 1
+2 * 1
+2 * 1
+2 * 1
+2 * 1
+1 * 1
fi=(3)
+96 56 1
+3 * 1
+3 * 1
+4 * 1
+18 +3 1
+3 * 1
+3 * 1
+4 * 1
+6 +1 1
+3 +1 1
+10 * 1
+4 * 1
+4 * 1
fe=(21)
+5 1356 1
+7 * 1
+4 * 1
+4 * 1
+3 * 1
+6 +2 1
+4 -1 1
+3 * 1
+4 * 1
+3 +1 1
+8 * 1
+4 -1 1
+3 +1 1
+3 * 1
+3 -1 1
+3 * 1
+6 +3 1
+3 * 1
+3 * 1
+8 * 1
+64 1537 1
+4 * 1

fn=(124)
0x6000 2168 2
+1 * 2
+3 * 2
+2 * 2
+2 * 2
+2 * 2
+2 * 2
+1 * 2
+7 +1 2
+3 -1 2
+7 * 2
+7 * 2
+6 * 2
+7 * 2
+7 +7 2
+3 -7 2
+7 +1 2
+7 +6 2
+6 +5 2
+3 * 2
+7 -7 2
+10 +7 2
+7 -8 2
+11 +8 2
+4 * 2
+4 * 2
+3 +74 2
+7 -74 2
+5 +74 2
+7 -22 2
+3 * 2
+3 -52 2
+4 +52 2
+7 * 2
+7 * 2
+4 -40 2
+7 -9 2
+3 +9 2
-10 * 3
+7 -9 3
+3 +9 3
+6 +7 5
+4 * 5
+4 * 5
+3 * 5
cfi=(24)
cfn=(66)
calls=5 0x1a980 61 
* * 139
+5 +1 5
+7 -1 5
+7 +1 5
+3 * 5
+6 * 5
+6 -13 5
+3 * 5
+8 +33 20
+3 * 20
+64 -20 15
+3 +3 15
+6 * 15
-6 * 5
+6 * 5
+2 +4 20
+7 * 20
+3 * 20
+7 * 20
+4 * 20
+5 * 20
+4 * 20
+3 * 20
cfi=(24)
cfn=(66)
calls=20 0x1a980 61 
* * 425
+5 * 20
+7 * 20
+7 * 20
+3 * 20
cfi=(24)
cfn=(66)
calls=20 0x1a980 61 
* * 540
+5 * 20
+3 +3 20
+3 +3 20
+7 * 20
+6 +3 20
+3 * 20
+4 * 20
+3 * 20
+4 * 20
+7 * 20
cfn=(126)
calls=20 0x5af0 1871 
* * 780
+5 * 20
+2 +2 20
+5 * 20
+2 * 20
+40 +7 20
+5 * 20
+2 +1 20
+4 * 20
+7 * 20
+4 * 20
+4 * 20
+4 * 20
+4 * 20
+5 * 20
+7 * 20
+2 +6 20
+7 * 20
+5 +2 20
+7 * 20
+3 * 20
+5 -2 20
+5 +2 20
cfi=(34) /build/buildd/glibc-2.19/io/../sysdeps/unix/sysv/linux/wordsize-64/xstat.c
cfn=(128) _xstat
calls=20 0x19430 34 
* * 245
+5 * 20
+2 * 20
+6 +1 5
+6 +2 5
+2 -2 5
+5 +2 5
+5 * 5
+3 * 5
+3 * 5
+5 * 5
+3 * 5
+3 * 5
+5 * 5
+7 +7 5
+3 * 5
+4 -44 5
+3 * 5
-22 +37 15
+5 * 15
+7 +7 15
+3 * 15
+4 -44 15
+3 * 15
+6 * 5
+4 +85 5
+3 * 5
+2 * 5
+6 * 5
+3 * 5
+7 +7 5
+8 -2 5
+7 +2 5
+7 * 5
+4 * 5
+6 +3 2
+6 * 2
+2 * 2
+6 -13 2
+5 +27 2
+4 * 2
+1 * 2
+2 * 2
+2 * 2
+2 * 2
+2 * 2
+1 * 2
+82 * 15
+2 -72 15
+5 * 15

fn=(78)
0x7dd0 415 2
+2 * 2
+2 * 2
+2 * 2
+3 * 2
+1 * 2
+3 * 2
+1 * 2
+3 +10 2
+5 * 2
+3 * 2
cfi=(27)
cfn=(72)
calls=2 0x19a10 24 
* * 70
+5 * 2
+3 * 2
+2 161 2
+3 * 2
cfi=(9)
cfn=(18)
calls=2 0x19c60 26 
* * 125
+5 * 2
+4 +1 2
+3 * 2
cfi=(15)
cfn=(36)
calls=2 0x17c10 -69 
* * 68
* * 2
+5 +2 2
+3 * 2
+2 +3 2
+3 * 2
+3 * 2
+3 440 2
+1 * 2
+1 * 2
+2 * 2
+2 * 2
+2 167 2
cfi=(16)
cfn=(42)
calls=2 0x1abb0 61 
* * 78

fl=(22)
fn=(62)
0xece0 39 1
+1 * 1
+3 * 1
+2 * 1
+2 * 1
+2 * 1
+2 * 1
+1 * 1
+4 +3 1
+3 -1 1
+7 +1 1
+3 +9 1
+7 -12 1
+4 * 1
+4 * 1
+4 +3 1
+4 -3 1
+4 +3 1
+3 +9 1
+3 * 1
+62 +10 1
+7 * 1
+3 * 1
+4 * 1
0xee47 +31 1
+2 * 1
+3 +23 1
+7 * 1
+2 * 1
cfi=(23)
cfn=(64)
calls=1 0x19550 -34 
* * 9
+5 * 1
+2 * 1
+58 -2 1
+4 +17 1
+3 * 1
+4 * 1
+4 * 1
+3 * 1
+5 * 1
+4 +3 1
+3 * 1
0xef50 +29 1
+3 * 1
+80 +8 1
+4 * 1
+6 +2 1
+4 * 1
+3 * 1
+4 * 1
+3 +1 1
+4 * 1
+4 * 1
+3 * 1
+4 +4 1
+7 * 1
+3 +4 1
+3 -3 1
+8 -1 1
+3 +4 1
+6 +3 1
+4 * 1
+6 +4 1
+4 * 1
+3 * 1
+4 * 1
+3 * 1
+4 +1 1
+4 -1 1
+5 * 1
+4 * 1
+4 * 1
+3 * 1
+4 * 1
+3 * 1
+5 +1 1
0xf090 +18 1
+6 * 1
+3 * 1
+4 * 1
+3 * 1
+4 * 1
+7 * 1
+2 * 1
+4 * 1
+6 * 1
+2 * 1
+7 * 1
+3 +1 1
+4 * 1
+4 * 1
+3 * 1
cfi=(15)
cfn=(36)
calls=1 0x17c10 93 
* * 34
* * 1
+5 +1 1
+3 -1 1
+3 +1 1
+4 * 1
+4 * 1
+6 +29 1
+5 +3 1
+4 -3 1
+4 * 1
+4 +3 1
0xf1d2 +28 1
+7 * 1
+5 * 1
+2 * 1
+3 * 1
+3 * 1
+4 * 1
+3 * 1
+2 * 1
+1 +1 1
+9 * 1
+4 -1 1
+3 * 1
-16 +1 3
+9 * 3
+4 -1 3
+3 * 3
+2 * 1
+4 * 1
+7 +5 1
+6 * 1
+3 * 1
+4 * 1
+6 * 1
+4 * 1
+3 +3 1
+3 -3 1
+2 +3 1
+3 * 1
+3 -3 1
+3 +3 1
-21 -3 1
+4 * 1
+3 +3 1
+3 -3 1
+2 +3 1
+3 * 1
+3 -3 1
+3 +3 1
+2 * 2
+9 +1 2
+4 * 2
+3 * 2
-7 * 2
+4 * 2
+3 * 2
+2 +1 4
+3 -1 4
+4 +1 4
+4 * 4
+4 -2 4
+4 +1 4
+3 * 4
+2 -1 4
+4 * 4
+3 * 4
+2 * 2
+4 +4 2
+3 * 2
+2 +3 1
+7 +2 1
+4 * 1
+5 -1 1
+4 -1 1
+4 * 1
+3 +2 1
+3 * 1
+3 * 1
+84 * 1
+3 * 1
+4 * 1
+2 * 1
+4 * 1
+3 * 1
+4 * 1
+4 +13 1
+3 * 1
+4 +1 1
+4 -1 1
+4 +3 1
+4 * 1
-19 -3 1
+3 * 1
+4 +1 1
+4 -1 1
+4 +3 1
+4 * 1
+2 +3 1
+4 * 1
+4 * 1
+3 +3 1
+4 -1 1
+3 +1 1
+1 * 1
+2 * 1
+2 * 1
+2 * 1
+2 * 1
+1 * 1
+1 145 1
+5 * 1
+2 -14 1
+2 * 1
0xf3e8 243 1
+4 * 1
+4 * 1
cfi=(24)
cfn=(66)
calls=1 0x1a980 61 
* * 22
+5 +1 1
+4 * 1
+3 -1 1
+4 * 1
+3 +1 1
cfi=(24)
cfn=(66)
calls=1 0x1a980 61 
* * 22
+5 * 1
+7 * 1
+3 * 1
+7 * 1

fl=(30) /build/buildd/glibc-2.19/setjmp/../sysdeps/x86_64/setjmp.S
fn=(94) __sigsetjmp
0x19740 26 2
+3 +9 2
+3 +1 2
+7 * 2
+4 +1 2
+4 +4 2
+4 +1 2
+4 +1 2
+4 +1 2
+4 +1 2
+5 +2 2
+7 * 2
+4 +2 2
+4 +1 2
+4 +1 2
+1 +2 2
+7 * 2
+4 +2 2
+4 +4 2
+2 +1 2

fl=(6)
fn=(10)
0xb960 859 3
+7 * 3
+3 * 3
+2 +4 3
+4 +4 3
+2 * 3
+6 +2 3
+3 -1 3
+4 +3 3
+3 * 3
+2 * 3
+2 +1 3
+6 +1 3
+4 * 3
+3 +3 3
+2 -1 3
+7 -2 3
+6 +3 3
+4 +4 3
+3 * 3
+4 -2 3
+7 +1 3
+4 +1 3
+3 * 3
+7 +1 3

fl=(15)
fn=(32) calloc
0x17c20 102 2
+3 +7 2
+5 * 2
+3 * 2
+3 -3 2
+4 +3 2
+3 * 2
+2 +4 2
cfn=(36)
calls=2 -39 -20 
* * 73
* * 2

fn=(36)
0x17c10 93 12
+3 +1 12
+5 * 12
cfn=(40) __libc_memalign
calls=12 0x17b00 -43 
* * 386
* * 12

fn=(76)
0x18110 338 4
+3 * 4
+2 +2 4
+3 +1 4
+3 * 4
+2 +4 2
+3 * 2
+2 * 2
+2 * 2
+3 * 2
+9 * 2
+3 * 2
-3 * 59
+3 * 59
+5 +7 122
+4 * 122
+3 * 122
+2 -2 122
+2 * 122
+6 +10 61
+4 -15 61
+4 * 61
+2 * 61
+2 * 2
+2 +18 2
+3 +4 2
* * 2

fn=(40)
0x17b00 51 12
+1 * 12
+1 * 12
+3 * 12
+4 +1 12
+7 * 12
+3 * 12
+6 * 11
+7 * 11
+3 +11 11
+5 +1 11
+3 -1 11
+3 +3 11
+4 -3 11
+7 +3 11
+3 * 11
-25 -3 1
+5 +1 1
+3 -1 1
+3 +3 1
+4 -3 1
+7 +3 1
+3 * 1
+2 * 11
+3 * 11
+3 * 11
+3 * 11
+2 +4 1
+7 * 1
+5 * 1
+3 * 1
+3 +1 1
+3 * 1
+3 * 1
+6 +6 1
+3 * 1
+2 * 1
+6 * 1
+5 * 1
+5 * 1
+3 * 1
cfi=(25)
cfn=(68)
calls=1 0x19620 +4 
* * 6
+5 +2 1
+4 * 1
+2 * 1
+7 * 1
+3 * 1
+8 +4 1
+3 * 1
+7 * 1
+3 +3 1
+7 +1 1
+7 +2 1
+4 * 1
+3 * 1
+1 * 1
+1 * 1
-23 -3 11
+7 +1 11
+7 +2 11
+4 * 11
+3 * 11
+1 * 11
+1 * 11
+8 * 11
+3 * 11
+3 * 11
+2 -31 1
+7 * 1
+7 * 1
+5 +1 1
+3 -2 1
+3 * 1
+7 * 1

fn=(82)
0x17c60 121 1
+7 -2 1
+1 * 1
+3 +2 1
+2 +7 1
+1 * 1

fn=(140) __strerror_r
0x17ca0 163 1
+3 * 1
+2 * 1
+7 * 1
+2 * 1
+4 * 1
+3 * 1
+43 +9 1
+7 +1 1

fl=(29)
fn=(136)
0xfd50 73 2
+2 +4 2
+7 -4 2
+3 * 2
+2 * 2
+3 * 2
+2 +8 2
+7 -8 2
+2 * 2
+3 * 2
+1 * 2
+1 * 2
+3 * 2
+7 +4 2
+3 * 2
+4 +2 2
cfi=(2)
cfn=(92)
calls=2 0x1260 797 
* * 4
+6 * 2
+3 +2 2
+3 * 2
+4 +1 2
+3 * 2
+6 +5 1
+3 * 1
cfi=(9)
cfn=(18)
calls=1 0x19c60 -61 
* * 73
+5 +1 1
+3 -1 1
+4 +1 1
cfi=(9)
cfn=(18)
calls=1 0x19c60 -62 
* * 62
+5 * 1
+4 +2 1
+4 * 1
+5 * 1
cfi=(15)
cfn=(36)
calls=1 0x17c10 +3 
* * 34
* * 1
+5 +1 1
+3 * 1
+2 +3 1
+5 * 1
+4 * 1
+3 * 1
+3 * 1
+5 * 1
cfi=(24)
cfn=(66)
calls=1 0x1a980 -33 
* * 40
+5 * 1
+3 * 1
+3 * 1
+3 * 1
cfi=(16)
cfn=(42)
calls=1 0x1abb0 -33 
* * 26
+5 +3 1
+5 -3 1
+4 +3 1
+4 * 1
+3 +6 1
+7 +1 1
+3 * 1
+6 * 1
+7 * 1
+3 * 1
+2 * 1
+3 +2 1
+4 -3 1
+2 * 1
+3 +13 1
+4 +3 1
+4 * 1
+5 -3 1
+3 +3 1
cfi=(36)
cfn=(138)
calls=1 0x19790 -90 
* * 20
+35 +6 1
+3 * 1
+3 * 1
+2 * 1
+3 * 1
+7 * 1
+7 * 1
+7 * 1
+5 * 1
+3 * 1
+4 * 1
+7 * 1
+3 * 1
+4 * 1
+3 * 1
+7 * 1
+5 * 1
+5 * 1
+4 * 1
+3 * 1
+4 * 1
+7 * 1
+2 * 1
cfi=(31)
cfn=(142)
calls=1 0x11170 275 
* * 907
+5 * 1
+5 * 1
cfi=(38) /build/buildd/glibc-2.19/posix/../sysdeps/unix/sysv/linux/_exit.c
cfn=(148) _Exit
calls=1 0x196d0 -97 
* * 4
+5 * 1
+5 * 1
+5 * 1
+3 * 1
cfi=(15)
cfn=(140)
calls=1 0x17ca0 +38 
* * 9
+5 * 1
+3 * 1
+7 * 1

fn=(90)
0xff80 163 2
+1 * 2
+7 +15 2
+5 -3 2
+5 * 2
+5 +1 2
+5 * 2
+5 -13 2
+5 * 2
+5 +14 2
+5 * 2
+5 +1 2
+5 +2 2
cfi=(2)
cfn=(92)
calls=2 0x1260 797 
* * 4
+6 +2 2
+5 -1 2
+3 +4 2
+2 -5 2
+5 +2 2
+3 +3 2
+5 -4 2
+5 +4 2
cfi=(30)
cfn=(94)
calls=2 0x19740 26 
* * 40
+5 * 3
+2 * 3
+2 * 3
+2 +2 2
+5 * 2
+5 * 2
cfi=(33)
cfn=(122) openaux
calls=1 0xd5d0 60 
* * 5752
cfi=(2)
cfn=(96)
calls=1 0x13e0 624 
* * 2456
+3 +1 1
+5 * 1
+5 +2 1
+5 +1 1
+5 -3 1
+3 +1 1
+5 * 1
+7 +1 1
+7 +1 1
+3 +8 1
+7 * 1
+2 * 1
+1 * 1
-10 * 1
+7 * 1
+2 * 1
+1 * 1
+1 -2 1
+5 * 1
+5 +1 1
+4 -1 1
+3 +1 1

fl=(24)
fn=(66)
0x1a980 61 50
+4 +4 50
+2 +3 50
+3 +1 50
+2 +2 36
+3 +1 36
+2 +2 36
+3 +1 36
+3 +5 36
+3 +1 36
-3 -1 14
+3 +1 14
+2 +2 17
+3 +1 17
+3 +2 17
+4 +1 17
+4 +5 17
+3 +1 17
-3 -1 33
+3 +1 33
+2 +2 36
+2 +1 36
+2 +2 36
+4 +1 36
+4 +5 36
+3 +1 36
-3 -1 14
+3 +1 14
+2 +2 30
+3 +1 30
+3 +2 30
+4 +1 30
+4 * 30
+3 +5 30
+6 +1 30
-6 -1 20
+6 +1 20
+2 * 4
+8 +5 4
+3 +1 4
+4 +1 4
+3 +1 4
+4 +2 4
+3 +2 4
+4 +1 4
+4 +2 4
+2 +6 50
+3 +4 50
+2 +12 1
+2 +2 1
+3 +1 1
+43 +26 1
+7 +1 1
+2 +3 1
+2 +1 1
+3 +1 1
+2 +5 1
+2 +2 1
+3 +1 1
+4 +1 1
+4 +1 1
+4 +2 1
+3 +1 1
+4 +1 1
+4 +1 1
+4 +2 1
+4 +1 1
+4 +2 1
+56 +22 1
+3 +2 1

fl=(1) ???
fn=(0) 0x0000000000001210
0x1210 0 1
+3 0 1
cfi=(2)
cfn=(2)
calls=1 0x4a30 361 
* 0 15570

fl=(17)
fn=(50)
0x19c30 131 15
+2 +1 15
+2 +1 15
+2 +1 4
+3 +1 4
+3 +1 4
+2 +1 4
cfn=(51) strcmp'2
calls=4 -14 -6 
* * 28
+5 +5 11
+5 +1 11
+5 +1 11
+3 +1 11

fn=(51)
0x19c30 131 4
+2 +1 4
+2 +1 4
+15 +9 4
+5 +1 4
+5 +1 4
+3 +1 4

fl=(38)
fn=(148)
0x196d0 28 1
+3 +4 1
+6 +2 1
+6 * 1

fl=(35)
fn=(130)
0x16d60 182 1
+2 * 1
+2 * 1
+2 * 1
+2 * 1
+1 * 1
+3 * 1
+1 * 1
+4 +8 1
+7 * 1
+6 +3 1
+7 * 1
+3 * 1
+26 +51 1
+7 * 1
+4 * 1
+6 +9 1
+3 +6 1
+7 * 1
+2 -6 1
+4 * 1
+4 * 1
+4 +6 1
cfi=(23)
cfn=(64)
calls=1 0x19550 81 
* * 9
+5 * 1
+4 +4 1
+7 -10 1
+3 +10 1
+5 * 1
+7 * 1
+5 +15 1
+7 * 1
+4 * 1
+4 * 1
+2 * 1
+3 * 1
+3 * 1
+3 * 1
+4 * 1
+4 * 1
+2 * 1
+2 * 1
+2 * 1
+9 * 7
+4 * 7
+3 * 7
+2 * 9
+4 * 9
+7 * 9
+2 * 9
+3 * 9
+4 * 9
+3 * 9
+3 * 9
+4 * 9
+4 * 9
+3 * 9
+3 * 9
+2 * 10
+3 * 10
+3 * 10
cfn=(134) _dl_cache_libcmp
calls=10 0x16c70 138 
* * 720
+5 * 10
+2 * 10
+6 * 10
+2 * 3
+4 * 3
+3 * 3
+1 * 3
+8 -38 1
+2 +59 1
+4 * 1
+1 * 1
+1 * 1
+2 * 1
+2 * 1
+2 * 1
+2 * 1
0x16f27 196 1
+7 * 1
+7 * 1
+5 * 1
cfi=(31)
cfn=(132)
calls=1 0x11020 45 
* * 67
+5 +8 1
+4 -8 1
+3 +8 1
+6 * 1
+7 * 1
+4 * 1
+2 +1 1
+7 * 1
+5 * 1
+3 * 1
cfi=(12)
cfn=(26)
calls=1 0x1a2c0 315 
* * 112
+5 * 1
+2 * 1
+2 +7 1
+3 -3 1
+7 +3 1
+4 * 1
+8 * 1
+4 +3 1
+4 +1 1
+4 * 1
+3 -1 1
+7 +1 1
+2 +1 1
+7 * 1
+5 * 1
cfi=(12)
cfn=(26)
calls=1 0x1a2c0 +98 
* * 169
+5 * 1
+2 * 1
+13 +2 1
+3 * 1

fn=(134)
0x16c70 138 10
+3 * 10
+3 * 10
+10 +1 10
+2 * 10
+6 +2 50
+3 * 50
+3 +2 50
+3 -2 50
0x16d20 +20 50
+3 * 50
+2 +2 50
+2 * 50
+2 * 40
+4 * 40
+4 +4 40
+4 +1 40
+4 -29 40
+2 * 40
+22 +25 10
+2 +8 10
+2 * 10

fl=(34)
fn=(128)
0x19430 34 20
+3 -1 20
+3 +1 20
+2 +1 20
+3 * 20
+3 * 20
+5 * 20
+2 * 20
+6 * 20
+2 +4 5
+19 -4 15
+2 * 15
+6 * 15
+4 * 15

fl=(33)
fn=(120)
0xdac0 147 1
+1 +1 1
+3 -1 1
+3 * 1
+2 +1 1
+4 -1 1
+2 +1 1
+8 -1 1
+2 +1 1
+4 * 1
+4 -1 1
+2 * 1
+1 * 1
+7 * 1
+6 * 1
+7 +1 1
+3 -1 1
+7 +1 1
+5 * 1
+4 +14 1
+4 -2 1
+6 +1 1
+4 -13 1
+7 +14 1
+4 +6 1
+7 * 1
+3 * 1
+3 +10 1
+2 -10 1
+6 +10 1
+6 * 1
+4 * 1
+3 -14 1
+5 -4 1
+2 +2 1
+3 +17 1
+3 -17 1
+3 -2 1
+4 * 1
+4 +2 1
+4 -2 1
+4 +2 1
+4 -2 1
+6 +1 1
+4 +1 1
+4 +6 1
+7 * 1
+3 * 1
+3 +10 1
+3 -10 1
+6 +10 1
+2 * 1
+2 * 1
+4 -16 1
+7 * 1
+4 * 1
+4 +20 1
+3 +21 1
+8 +1 1
+7 -22 1
+7 * 1
+8 +19 1
+6 -12 1
+11 +15 1
+10 -16 1
+11 +13 1
+6 343 1
+4 * 1
+7 * 1
+4 * 1
+7 * 1
+4 * 1
+7 * 1
+4 * 1
+7 * 1
+3 209 1
+3 +8 1
+8 -4 1
+6 +4 1
+6 +12 1
+5 * 1
+6 +2 1
+4 +11 1
+4 -5 1
+4 -6 1
+4 * 1
+4 +5 1
+4 +2 1
+6 * 1
+3 +1 1
+6 * 1
+3 +3 1
+3 * 1
+3 * 1
+6 * 1
+7 -32 1
+3 +32 1
+7 * 1
+39 +1 1
+4 * 1
+6 +6 1
+4 * 1
+4 * 1
+5 * 1
+3 * 1
cfi=(27)
cfn=(72)
calls=1 0x19a10 24 
* * 23
+5 * 1
+3 * 1
+6 +5 1
+7 * 1
+7 * 1
+7 * 1
+7 * 1
+7 -3 1
+4 +3 1
cfi=(29)
cfn=(90)
calls=1 0xff80 -91 
* * 5813
+5 +2 1
+4 * 1
+3 * 1
0xde40 497 1
+7 * 1
+3 * 1
+24 +4 1
+7 * 1
+7 * 1
+3 * 1
+7 * 1
+31 +11 1
+6 * 1
+4 * 1
+4 -1 1
cfi=(15)
cfn=(36)
calls=1 0x17c10 93 
* * 34
* * 1
+5 +3 1
+3 -3 1
+3 +3 1
+6 +5 1
+6 * 1
+7 * 1
+2 * 1
+3 * 1
+3 * 1
+4 * 1
+7 +1 1
+6 * 1
+6 * 1
+2 * 1
+6 +2 1
+2 * 1
+7 * 1
+2 * 1
+2 * 1
+4 +6 1
+7 * 1
+3 * 1
+4 +4 1
+4 -10 1
+4 +10 1
+7 -10 1
+3 * 1
-36 * 1
+4 +6 1
+7 * 1
+3 * 1
+4 +4 1
+4 -10 1
+4 +10 1
+7 -10 1
+3 * 1
+2 * 1
+3 +13 1
+7 * 1
+6 +51 1
+7 * 1
+7 * 1
+3 * 1
+3 * 1
+7 * 1
+6 +2 1
+7 * 1
+3 * 1
0xe0d8 +42 1
+4 * 1
+7 +1 1
+2 -1 1
+4 * 1
+4 * 1
+4 * 1
+3 * 1
+3 * 1
+4 +1 1
cfi=(26)
cfn=(70)
calls=1 0x1a970 30 
* * 10
+5 * 1
+3 -2 1
+6 * 1
+7 * 1
+11 * 1
+5 * 1
+3 * 1
+3 * 1
+6 * 1
+4 * 1
+7 * 1
+4 +13 1
+6 -6 1
+4 -1 1
+5 +1 1
+3 +6 1
+3 * 1
+61 +31 1
+3 * 1
+3 * 1
+74 217 1
+8 * 1
+6 +1 1
+7 * 1
0xe2e8 658 1
+7 * 1
+7 +25 1
+7 * 1
+8 +2 1
+7 +1 1
+7 -1 1
+7 +2 1
+7 * 1
+3 * 1
+21 +7 1
+7 * 1
+3 * 1
+7 +3 1
+3 * 1
0xe4d0 347 1
+3 * 1
+4 * 1
+3 * 1
cfi=(9)
cfn=(18)
calls=1 0x19c60 26 
* * 67
+5 * 1
+4 * 1
+4 * 1
+4 * 1
+4 * 1
+3 * 1
+5 * 1
+3 * 1
+4 * 1
cfi=(16)
cfn=(42)
calls=1 0x1abb0 61 
* * 40
+5 +1 1
+4 -1 1
+3 +1 1
+3 * 1
cfi=(9)
cfn=(18)
calls=1 0x19c60 26 
* * 41
+5 * 1
+4 * 1
+4 * 1
+3 * 1
+4 * 1
+3 * 1
+5 * 1
+4 * 1
cfi=(16)
cfn=(42)
calls=1 0x1abb0 61 
* * 26
+5 +1 1
+4 -1 1
+4 +1 1
+4 * 1
+6 +7 1
+3 * 1
+5 -5 1
+4 +5 1
+4 * 1
0xe9aa 698 1
+4 * 1
+4 * 1
+2 * 1
+4 * 1
+4 * 1
+2 * 1
cfi=(29)
cfn=(136)
calls=1 0xfd50 73 
* * 975
0xea82 -75 1
+4 * 1
+3 * 1
+3 * 1
+8 * 1
+3 * 1
+7 * 1
cfi=(16)
cfn=(42)
calls=1 0x1abb0 61 
* * 23
+5 +2 1
+4 -38 1
+11 +38 1
+6 * 1

fn=(122)
0xd5d0 60 1
+1 * 1
+3 +7 1
+3 -4 1
+5 * 1
+3 * 1
+4 +1 1
+7 -1 1
+4 +1 1
+3 -1 1
+3 * 1
+2 * 1
+3 * 1
+4 * 1
cfi=(21)
cfn=(98)
calls=1 0x8c70 2317 
* * 5738

fl=(13)
fn=(28)
0xbaa0 61 2
+2 * 2
+2 * 2
+2 * 2
+2 * 2
+3 * 2
+1 * 2
+1 * 2
+3 * 2
+4 * 2
+5 * 2
+3 * 2
+4 * 2
+5 * 2
+5 +1 2
cfi=(9)
cfn=(18)
calls=2 0x19c60 -36 
* * 91
+5 +6 2
+7 -6 2
+3 * 2
+4 * 2
+3 * 2
+4 +6 2
+3 * 2
+2 * 2
+4 * 2
+5 * 2
+3 * 2
+3 * 2
+3 * 2
+7 * 2
+2 * 2
+5 * 2
+4 +7 2
+8 * 2
+5 * 2
+5 * 2
cfi=(15)
cfn=(32)
calls=2 0x17c20 +27 
* * 91
* * 2
+5 +3 2
+3 -3 2
+3 +3 2
+6 +4 2
+8 +5 2
+5 * 2
+5 -6 2
+4 +6 2
+4 -5 2
+7 +4 2
+4 * 2
+4 +1 2
cfi=(16)
cfn=(42)
calls=2 0x1abb0 -26 
* * 65
+5 * 2
+4 +10 2
+3 * 2
+5 -8 2
+8 +9 2
+6 -1 2
+3 * 2
+4 +1 2
+8 * 2
+4 -1 2
+4 +1 2
+3 * 2
+3 +3 2
+7 -3 2
+7 +3 2
+6 +9 2
+3 -7 2
+7 +4 2
+4 +3 2
+2 * 1
+4 * 1
+3 * 1
+4 * 1
+5 * 1
+7 +2 1
+7 * 1
+4 -2 1
+3 * 1
-14 +2 15
+7 * 15
+4 -2 15
+3 * 15
+2 +12 2
+7 +6 2
+7 -5 2
+11 -1 2
+7 +6 2
+4 * 2
+4 * 2
+4 -2 2
+2 +2 2
+3 * 2
+2 +2 1
+6 * 1
+5 * 1
+7 +3 1
+3 * 1
-3 * 1
+3 * 1
+2 * 1
+9 +4 1
+7 * 1
+3 * 1
+2 +4 1
+2 * 1
+7 * 1
+6 +2 1
+2 +6 1
+8 +3 1
+7 * 1
+7 +3 1
+5 * 1
+3 * 1
+3 * 1
+3 * 1
-28 -3 1
+7 * 1
+7 +3 1
+5 * 1
+3 * 1
+3 * 1
+3 * 1
+6 +2 1
+5 +4 1
+3 -4 1
cfi=(9)
cfn=(18)
calls=1 0x19c60 26 
* * 81
+5 * 1
+3 * 1
+4 +4 1
+4 -4 1
+5 +4 1
+3 * 1
+2 * 1
+92 +64 1
+7 * 1
+3 +4 1
+4 * 1
+1 * 1
+1 * 1
+2 * 1
+2 * 1
+2 * 1
+2 * 1
-14 * 1
+4 * 1
+1 * 1
+1 * 1
+2 * 1
+2 * 1
+2 * 1
+2 * 1
+8 -88 1
+7 * 1
+3 * 1
+38 -39 2
+11 * 2
+5 * 1
+3 +39 1
+2 * 1
+7 * 1
+38 +70 1
+5 * 1
+5 * 1
cfi=(24)
cfn=(66)
calls=1 0x1a980 61 
* * 45
+5 * 1
+7 +5 30
+3 +1 30
+4 -1 30
+4 +1 30
-8 * 1
+4 -1 1
+4 +1 1
+2 * 1
+3 * 1
+4 +5 1
+3 * 1
+5 -57 1
+3 * 1
cfi=(15)
cfn=(36)
calls=1 0x17c10 -72 
* * 34
* * 1
+5 +1 1
+3 -1 1
+3 +1 1
+2 * 1
+3 * 1

fn=(44)
0xba10 32 2
+1 * 2
+3 +2 2
+7 -2 2
+1 * 2
+3 * 2
+4 +2 2
cfi=(2)
cfn=(46)
calls=2 0x1270 837 
* * 4
+6 +2 2
+4 * 2
+7 * 2
+4 * 2
+3 * 2
+3 * 2
+3 * 2
+2 * 1
+5 +4 1
+3 -1 1
+4 * 1
+3 * 1
-7 * 1
+4 * 1
+3 * 1
+2 +2 1
+4 +2 1
+4 +4 1
+4 +4 1
+7 -4 1
+4 * 1
+5 +1 1
+7 * 1
+7 +1 1
+4 * 1
+7 +2 1
+7 +1 1
+4 * 1
+1 * 1
+1 -1 1
cfi=(2)
cfn=(48)
calls=1 0x1280 843 
* * 2
-58 -4 1
+4 +4 1
+7 -4 1
+4 * 1
+5 +1 1
+7 * 1
+7 +1 1
+4 * 1
+7 +2 1
+7 +1 1
+4 * 1
+1 * 1
+1 -1 1
cfi=(2)
cfn=(48)
calls=1 0x1280 843 
* * 2
+2 -5 1
+3 * 1

totals: 15572
